-1.770312152802944183e-02
-4.209312424063682556e-02
9.442179650068283081e-02
-8.171124756336212158e-02
2.911034412682056427e-02
-9.037417173385620117e-02
-3.460093960165977478e-02
1.311379671096801758e-01
1.807814463973045349e-02
6.847220938652753830e-03
-9.098492562770843506e-02
7.471711933612823486e-02
-3.038559295237064362e-02
-1.087203472852706909e-01
-2.875506319105625153e-02
-1.066463887691497803e-01
2.673983015120029449e-02
2.788557484745979309e-02
1.446683555841445923e-01
-1.114482358098030090e-01
-5.587842687964439392e-02
1.218458730727434158e-02
-9.712234884500503540e-02
3.061777539551258087e-02
-6.096720695495605469e-02
-6.253909319639205933e-02
-1.025651171803474426e-01
-1.339153498411178589e-01
-8.432219177484512329e-02
-1.682761013507843018e-01
-2.229555845260620117e-01
9.812204539775848389e-02
-4.690288752317428589e-02
-6.488467007875442505e-02
-2.888851799070835114e-02
1.102905720472335815e-02
-2.359480224549770355e-02
-1.156609952449798584e-01
5.043273419141769409e-02
-7.500024139881134033e-02
1.231706514954566956e-02
3.907828405499458313e-02
4.228366911411285400e-02
7.362526655197143555e-02
-3.163837641477584839e-02
2.439426258206367493e-02
5.919127166271209717e-02
-2.442124485969543457e-01
-5.183112993836402893e-02
-3.522148355841636658e-02
5.735520739108324051e-03
-1.681774556636810303e-01
-2.867709146812558174e-03
-5.496685206890106201e-02
-3.909914940595626831e-02
8.910006284713745117e-02
-4.787746071815490723e-02
3.124066069722175598e-02
-3.705266490578651428e-02
-1.027793660759925842e-01
-2.072815969586372375e-02
-2.627669088542461395e-02
-1.117476150393486023e-01
-4.828597605228424072e-02
-1.901833415031433105e-01
1.967663178220391273e-03
-1.308902651071548462e-01
1.184691190719604492e-01
8.562328666448593140e-02
-1.163470819592475891e-01
-1.604651473462581635e-02
-1.744739711284637451e-01
-8.508105576038360596e-02
-1.185838729143142700e-01
-1.195795387029647827e-01
2.576939389109611511e-02
-3.412808990105986595e-03
-3.429549559950828552e-02
-6.462696194648742676e-02
-2.435897290706634521e-02
-7.845276594161987305e-02
8.820567280054092407e-02
-4.598217830061912537e-02
1.734615713357925415e-01
-1.439493596553802490e-01
-8.169528096914291382e-02
-3.197388956323266029e-03
1.121899262070655823e-01
-8.561807125806808472e-02
-7.763816416263580322e-02
2.093618549406528473e-02
-7.566737383604049683e-02
9.874741733074188232e-02
-1.269413810223340988e-02
-4.471987485885620117e-02
6.989557761698961258e-03
1.306396350264549255e-02
7.020020391792058945e-03
-1.338464915752410889e-01
7.803397625684738159e-02
-1.841643899679183960e-01
1.277586668729782104e-01
-2.483175322413444519e-02
-1.198237687349319458e-01
-2.004967443645000458e-02
1.268862374126911163e-02
3.119777701795101166e-02
-1.540133953094482422e-01
2.201909385621547699e-02
3.651630505919456482e-02
5.275090783834457397e-02
-1.275942102074623108e-02
-9.467697143554687500e-02
1.869840174913406372e-01
1.015513017773628235e-01
-8.040513843297958374e-02
2.950111776590347290e-02
-4.319174960255622864e-02
-6.760606169700622559e-02
3.816629573702812195e-02
-3.515372052788734436e-02
8.755879104137420654e-02
-1.996267735958099365e-01
-3.746512159705162048e-02
-2.952735871076583862e-02
-8.385015279054641724e-02
-1.191871240735054016e-01
-2.685665339231491089e-02
-7.419002056121826172e-02
2.584904432296752930e-02
4.529511928558349609e-02
-4.768078401684761047e-02
-8.638601750135421753e-02
-2.871134281158447266e-01
1.046946737915277481e-02
-1.625140011310577393e-01
4.808893799781799316e-02
-1.492622401565313339e-02
-5.327272042632102966e-02
1.203610189259052277e-02
-1.392588019371032715e-01
-1.329343952238559723e-02
7.361996173858642578e-02
-1.084940135478973389e-01
-2.078826576471328735e-01
-1.066920347511768341e-02
-1.406058669090270996e-01
2.019676566123962402e-02
-4.064906015992164612e-02
4.321672394871711731e-02
-2.509218407794833183e-03
-1.209222804754972458e-02
-5.553538724780082703e-02
5.882715433835983276e-02
-3.264217078685760498e-02
6.669376045465469360e-02
4.703287780284881592e-02
-1.542269834317266941e-03
8.844950050115585327e-02
6.164544075727462769e-02
-5.684782937169075012e-02
9.435174614191055298e-02
-1.331743896007537842e-01
2.736463211476802826e-02
-3.237944468855857849e-02
-2.474178373813629150e-01
-9.131942689418792725e-02
-9.294194728136062622e-02
-1.669505685567855835e-01
6.158620864152908325e-02
-5.441445484757423401e-02
-2.421142905950546265e-01
1.217230036854743958e-02
9.523619711399078369e-02
-2.811229042708873749e-02
-9.477899968624114990e-02
-1.206872537732124329e-01
6.073433905839920044e-03
-6.532992422580718994e-02
-3.655377030372619629e-02
-2.980022318661212921e-02
-1.591568738222122192e-01
3.334574773907661438e-02
-5.852409452199935913e-02
-1.111899912357330322e-01
1.302508264780044556e-01
1.878224872052669525e-02
5.714421626180410385e-03
-7.741629332304000854e-02
-5.788557231426239014e-02
-4.206662252545356750e-02
1.655302196741104126e-02
-1.681298017501831055e-01
-1.054363772273063660e-01
1.020913720130920410e-01
-1.149733513593673706e-01
5.919117480516433716e-02
-4.979196190834045410e-02
1.574670337140560150e-02
-1.133284531533718109e-02
-7.939206808805465698e-02
-1.163076609373092651e-01
-6.712292879819869995e-02
-3.112596571445465088e-01
-4.060960561037063599e-02
-4.369034245610237122e-02
2.449290826916694641e-02
-5.187009647488594055e-02
4.843385145068168640e-02
-1.095712035894393921e-01
-3.811114281415939331e-02
-1.014547273516654968e-01
-5.095029249787330627e-02
-2.351852208375930786e-01
-1.510361302644014359e-02
-9.056376665830612183e-02
3.164775669574737549e-02
-1.270619630813598633e-01
1.850991323590278625e-02
7.077999413013458252e-02
-4.882843350060284138e-04
-5.171781033277511597e-02
1.468956470489501953e-01
-1.925642282003536820e-04
3.795037791132926941e-02
-4.874267056584358215e-02
-9.623320773243904114e-03
-9.150791168212890625e-02
-1.364990603178739548e-02
-1.725075095891952515e-01
-3.441940620541572571e-02
-6.263962388038635254e-02
8.082079887390136719e-02
1.042321883141994476e-02
-1.307516247034072876e-01
6.184942554682493210e-03
4.712913557887077332e-02
-1.883974298834800720e-02
-7.750324904918670654e-02
-8.537573367357254028e-02
2.323812991380691528e-02
-1.823408529162406921e-02
-8.851580321788787842e-02
-8.079861849546432495e-02
-3.591498434543609619e-01
-2.923426404595375061e-02
-3.039963729679584503e-02
-1.183365657925605774e-01
-1.272498667240142822e-01
7.891689985990524292e-02
1.148762740194797516e-02
5.868874723091721535e-04
1.930333860218524933e-02
5.880085006356239319e-02
-5.072628706693649292e-02
-5.408232659101486206e-02
1.434667110443115234e-01
-6.551066786050796509e-02
-8.669807016849517822e-02
-3.245540708303451538e-02
1.051997467875480652e-01
-8.290515094995498657e-02
-5.185237526893615723e-02
2.638311125338077545e-02
3.884733468294143677e-02
-4.372741654515266418e-02
6.364330183714628220e-03
-1.855023354291915894e-01
5.647878628224134445e-03
-1.071521639823913574e-01
-4.758882895112037659e-02
-6.410621106624603271e-02
9.447854757308959961e-02
-1.072693541646003723e-01
-2.294621430337429047e-03
-5.683897435665130615e-02
-1.605654135346412659e-02
-3.862880915403366089e-02
-1.422428041696548462e-01
-1.057611405849456787e-02
-1.447171419858932495e-01
-8.618389070034027100e-02
-2.206806838512420654e-02
-5.058540962636470795e-03
3.720604255795478821e-02
-8.331717550754547119e-02
-9.253507852554321289e-02
1.582883880473673344e-03
-8.763488382101058960e-02
-4.560541734099388123e-02
-8.960957080125808716e-02
5.651994422078132629e-02
-1.541998088359832764e-01
-1.628142148256301880e-01
-1.779459230601787567e-02
3.689687699079513550e-03
-5.111700668931007385e-02
2.403816021978855133e-02
-1.230766102671623230e-01
-2.627291344106197357e-02
-2.167301923036575317e-01
-3.705961257219314575e-02
-5.620153248310089111e-02
-8.289630524814128876e-03
-8.179835975170135498e-02
4.666147753596305847e-02
4.117373004555702209e-02
-3.031821688637137413e-04
-1.346672773361206055e-01
3.894146904349327087e-02
-3.206442296504974365e-02
-1.073614060878753662e-01
1.969338506460189819e-01
-7.043260335922241211e-02
1.504539046436548233e-02
-2.135267853736877441e-02
1.473605334758758545e-01
-1.299505401402711868e-02
4.664782807230949402e-02
-2.054653130471706390e-02
-3.405128791928291321e-02
-2.911896407604217529e-01
-1.496785553172230721e-03
1.678936742246150970e-02
3.097697161138057709e-02
-3.058135323226451874e-02
-3.949091583490371704e-02
-5.502894148230552673e-02
-1.700133271515369415e-02
5.196136422455310822e-03
-9.854967147111892700e-02
6.685171276330947876e-03
2.188398502767086029e-03
-2.706173621118068695e-02
-9.692817926406860352e-02
-9.028676897287368774e-02
3.951152041554450989e-02
-8.711670525372028351e-03
1.000551972538232803e-02
-1.026936471462249756e-01
7.973889261484146118e-02
9.936424903571605682e-03
-8.567019551992416382e-02
-5.481633916497230530e-02
-1.744999438524246216e-01
-3.921609744429588318e-02
-2.687476202845573425e-02
-1.913877017796039581e-02
6.714410334825515747e-02
-3.298553079366683960e-02
4.120611026883125305e-02
-8.160579204559326172e-02
-1.052081491798162460e-02
-7.691927999258041382e-02
-1.247706338763237000e-01
3.679708018898963928e-02
-3.633692488074302673e-02
-7.677520811557769775e-02
2.689897827804088593e-02
-2.407367713749408722e-02
4.410827904939651489e-02
1.366775110363960266e-02
-3.309354186058044434e-02
6.746656447649002075e-02
-5.363432690501213074e-02
-6.618236005306243896e-02
5.598717555403709412e-02
-1.351972669363021851e-01
-2.437438583001494408e-03
-1.263631880283355713e-01
-1.210599690675735474e-01
5.723062530159950256e-02
-1.267621666193008423e-01
-1.185335144400596619e-01
3.909680992364883423e-03
-2.896953560411930084e-02
4.993209987878799438e-02
-1.229454129934310913e-01
1.374211069196462631e-02
2.167009748518466949e-02
-3.583748638629913330e-02
-1.207661908119916916e-02
-6.897080689668655396e-03
-9.585864841938018799e-03
-9.710870683193206787e-02
-8.703684806823730469e-02
-1.215101853013038635e-01
1.036991029977798462e-01
1.699473857879638672e-01
-2.910126000642776489e-03
-4.665262624621391296e-02
3.254360752180218697e-03
7.260657846927642822e-02
-1.961005385965108871e-03
-5.991864204406738281e-02
1.766667701303958893e-03
-6.315912306308746338e-02
-4.887945577502250671e-02
-1.598338782787322998e-02
-2.375472337007522583e-01
3.754901234060525894e-03
-2.375000119209289551e-01
-4.697862267494201660e-02
-5.730472505092620850e-02
-6.232308968901634216e-02
-9.219899028539657593e-02
-8.367145061492919922e-02
2.280497737228870392e-02
-3.046880476176738739e-02
-1.256350278854370117e-01
-1.922128200531005859e-01
-1.176305562257766724e-01
-4.777622595429420471e-02
4.440211504697799683e-02
3.106592781841754913e-02
3.800192475318908691e-02
-2.091463841497898102e-02
-1.943956315517425537e-01
4.296770785003900528e-03
1.314758881926536560e-02
-5.149693042039871216e-02
-2.221693098545074463e-02
-6.468824297189712524e-02
3.769573941826820374e-02
6.735649704933166504e-02
-4.517666622996330261e-02
-5.053864046931266785e-02
1.581134051084518433e-01
1.134986355900764465e-01
9.933920204639434814e-02
-2.413377165794372559e-02
2.838847041130065918e-02
2.143952995538711548e-02
-1.463581919670104980e-01
-4.722646623849868774e-02
8.123293519020080566e-02
5.390715226531028748e-02
-6.594203412532806396e-02
-5.028582736849784851e-02
2.615636587142944336e-02
-6.983831524848937988e-02
-4.923359304666519165e-02
-7.395961880683898926e-02
-5.637733265757560730e-03
-1.457280218601226807e-01
-2.148918993771076202e-02
-1.304046660661697388e-01
2.194404415786266327e-02
-1.072442084550857544e-01
-1.723654419183731079e-01
-5.453779548406600952e-02
-1.622515730559825897e-02
-1.056811809539794922e-01
-3.655174514278769493e-03
1.722307130694389343e-02
-9.555365890264511108e-02
-6.990430993027985096e-04
-8.929789066314697266e-02
-4.647298529744148254e-02
6.767443567514419556e-02
9.257142990827560425e-02
-8.837854862213134766e-02
1.750143617391586304e-02
-8.343137055635452271e-02
-1.237686723470687866e-02
-2.747148834168910980e-02
-6.070959940552711487e-02
1.257439889013767242e-02
-1.569216251373291016e-01
2.735198661684989929e-02
-2.590323053300380707e-02
-1.362695693969726562e-01
-1.115235462784767151e-01
7.229644060134887695e-02
-5.298055708408355713e-02
1.177564263343811035e-02
4.875211510807275772e-03
-1.521747093647718430e-02
2.117937058210372925e-02
6.983432918787002563e-02
-8.661808073520660400e-02
-6.361420452594757080e-02
2.028355933725833893e-02
4.428555443882942200e-02
3.862898051738739014e-02
4.149428382515907288e-02
-4.640989750623703003e-02
7.015816401690244675e-03
6.330548971891403198e-02
-1.965667456388473511e-01
-1.032287403941154480e-01
-6.254846602678298950e-02
-1.414409130811691284e-01
-2.435000538825988770e-01
-1.658967882394790649e-01
-5.555309355258941650e-02
-1.238212063908576965e-01
1.639993861317634583e-02
-1.418417394161224365e-01
-1.141880173236131668e-02
-1.634957827627658844e-02
2.588725276291370392e-02
2.087897807359695435e-02
-1.284589320421218872e-01
1.203142702579498291e-01
6.518921814858913422e-03
-1.030947342514991760e-01
-9.557018429040908813e-02
2.558454684913158417e-02
9.186409413814544678e-02
2.088035829365253448e-02
-4.222005978226661682e-02
