1.017149072140455246e-02
-1.105708330869674683e-01
1.633032038807868958e-02
-2.068023569881916046e-02
-8.676602505147457123e-03
1.041304692625999451e-02
-4.381025582551956177e-02
-6.675720214843750000e-03
2.026384463533759117e-03
-2.114938758313655853e-02
-6.586807221174240112e-02
-7.066335529088973999e-02
1.074221171438694000e-02
-1.050612628459930420e-01
7.663310505449771881e-03
-4.382266104221343994e-02
-4.188117012381553650e-02
-1.962032169103622437e-02
-1.197576429694890976e-02
1.399397198110818863e-02
-5.146116018295288086e-02
1.144668087363243103e-02
-9.484302997589111328e-02
-5.144984275102615356e-02
4.442610591650009155e-02
-1.981159858405590057e-02
-7.290695328265428543e-03
-6.145530566573143005e-02
-1.007216144353151321e-02
3.054555272683501244e-03
-2.687536738812923431e-02
-6.503651291131973267e-02
6.017091125249862671e-02
-3.592611476778984070e-02
-1.038624718785285950e-01
3.216757252812385559e-02
6.849369499832391739e-03
-7.971825450658798218e-02
-5.204635486006736755e-02
-4.442939534783363342e-02
8.450570516288280487e-03
3.553363680839538574e-02
-5.489958450198173523e-02
-4.023943841457366943e-02
-9.153825044631958008e-02
-1.083376258611679077e-01
-6.446286290884017944e-02
3.768794704228639603e-03
2.956752851605415344e-02
3.142176195979118347e-02
1.124760434031486511e-01
-6.326356530189514160e-02
1.755171082913875580e-02
-4.372406378388404846e-02
-7.189454138278961182e-02
-6.562024354934692383e-02
-6.655937060713768005e-03
-7.164598442614078522e-03
-2.402818389236927032e-02
1.906210929155349731e-02
9.442833252251148224e-03
-3.040242008864879608e-02
-2.668124251067638397e-02
7.346292957663536072e-03
-2.856678515672683716e-02
-1.863451674580574036e-02
-4.382620006799697876e-02
-7.573807984590530396e-02
-3.341868519783020020e-02
-5.514098331332206726e-02
-5.253968015313148499e-02
1.132205594331026077e-02
-2.362539619207382202e-02
1.389245875179767609e-02
-1.643925532698631287e-02
-9.080991148948669434e-02
-2.867683395743370056e-02
-6.789415329694747925e-02
-5.514466017484664917e-02
3.997251763939857483e-02
-4.852215945720672607e-02
1.113475039601325989e-01
6.099372357130050659e-02
-4.882486164569854736e-02
-1.204996369779109955e-03
-2.683288231492042542e-02
-1.867072656750679016e-02
-7.806807011365890503e-02
-1.097004022449254990e-02
-1.867205090820789337e-02
-2.762220054864883423e-02
-3.901537507772445679e-02
3.463453799486160278e-02
-9.823765140026807785e-04
-4.629716649651527405e-02
-8.293466642498970032e-03
4.170124232769012451e-02
-1.244903057813644409e-01
-6.748057156801223755e-02
-3.699076548218727112e-02
-5.779061466455459595e-02
-3.850707039237022400e-02
-2.286852337419986725e-02
-5.072606354951858521e-02
-1.049524545669555664e-01
-4.390032216906547546e-02
-5.350429564714431763e-02
6.176979839801788330e-02
-4.764304682612419128e-02
4.945446923375129700e-02
-1.329675409942865372e-02
2.292760834097862244e-02
-4.588458314538002014e-02
7.207769900560379028e-02
3.458847850561141968e-02
7.168300915509462357e-03
-1.352374441921710968e-02
1.208339352160692215e-02
-1.241946220397949219e-02
4.884008318185806274e-03
-7.721942849457263947e-03
-1.808140054345130920e-02
-1.743858307600021362e-02
-7.026554085314273834e-03
-5.424118041992187500e-02
-3.858293965458869934e-02
-6.209094449877738953e-02
1.087946537882089615e-02
1.759925670921802521e-02
2.562711946666240692e-02
-3.669190406799316406e-02
-2.598165906965732574e-02
-4.939851164817810059e-02
-2.498660981655120850e-02
-6.536954641342163086e-02
-1.065459288656711578e-02
-4.259302094578742981e-02
1.974501088261604309e-02
-4.085272923111915588e-02
-6.157921999692916870e-02
-3.779503703117370605e-02
1.930964365601539612e-02
-4.932093992829322815e-02
-1.300771441310644150e-02
-3.185230866074562073e-02
-4.620240628719329834e-02
-2.631079591810703278e-02
-4.163001477718353271e-02
2.690301649272441864e-02
-3.246865049004554749e-02
-4.643750190734863281e-02
-5.887757986783981323e-03
2.350447140634059906e-02
1.800834760069847107e-02
-4.145022854208946228e-02
-7.305947691202163696e-02
7.149549573659896851e-02
-4.914756491780281067e-02
-5.843170732259750366e-02
-2.297052368521690369e-02
9.659972041845321655e-03
-7.159925252199172974e-02
1.984543725848197937e-02
-7.285969704389572144e-02
-4.566252231597900391e-02
4.389849305152893066e-02
1.217545825056731701e-03
1.700432598590850830e-02
-2.512867562472820282e-02
-5.631703883409500122e-02
4.523653537034988403e-02
5.172679200768470764e-02
-2.190870465710759163e-03
-5.174677073955535889e-02
1.397215761244297028e-02
-6.493587046861648560e-02
2.509689331054687500e-02
-3.828220814466476440e-02
4.059209953993558884e-03
-1.075946260243654251e-02
-2.828337065875530243e-02
-1.035436689853668213e-01
-2.354436926543712616e-02
-9.139227867126464844e-02
-3.229500353336334229e-02
-2.800628915429115295e-02
-6.357255578041076660e-02
4.011938720941543579e-02
-2.777909487485885620e-02
5.513256043195724487e-02
4.026637598872184753e-02
-1.467120945453643799e-01
-6.730554997920989990e-02
-3.554885089397430420e-02
2.789524011313915253e-02
-7.485224306583404541e-02
-4.761145636439323425e-02
-4.719685390591621399e-02
5.703682824969291687e-02
-7.151696085929870605e-02
-4.853826481848955154e-03
-1.237988006323575974e-02
2.658384479582309723e-02
-1.388445962220430374e-02
-2.058215998113155365e-02
-5.709651485085487366e-02
-5.700833722949028015e-02
2.794854156672954559e-02
3.238935722038149834e-03
4.958782345056533813e-02
-6.143274903297424316e-02
-1.056939736008644104e-01
-2.266819402575492859e-02
-2.762179076671600342e-02
-4.579848144203424454e-03
-6.133087724447250366e-02
7.509065419435501099e-02
-1.390555407851934433e-02
-2.672176808118820190e-02
-1.004462037235498428e-02
-3.460542112588882446e-02
-6.107041984796524048e-02
-4.911535233259201050e-02
4.277796670794487000e-02
-7.277848571538925171e-02
-1.915460638701915741e-02
-3.459284314885735512e-03
-4.510519653558731079e-02
-1.113838180899620056e-01
5.037715192884206772e-03
3.265571594238281250e-02
-1.119127031415700912e-02
2.415341697633266449e-02
6.781139969825744629e-02
-7.909269630908966064e-02
8.255394175648689270e-03
7.219829596579074860e-03
-1.410776004195213318e-02
-1.090239640325307846e-02
7.429090328514575958e-03
6.350954063236713409e-03
-3.062400780618190765e-02
-9.184634312987327576e-03
-5.977668240666389465e-02
3.534102067351341248e-02
-3.804181143641471863e-02
-2.586177922785282135e-02
-4.827251657843589783e-02
4.079332866240292788e-04
4.606440290808677673e-02
-2.114428021013736725e-02
-6.927067413926124573e-03
-9.186971932649612427e-03
-8.950251154601573944e-03
-5.314446240663528442e-02
-6.546318531036376953e-02
-2.050592191517353058e-02
-3.886060789227485657e-03
-2.111377008259296417e-02
3.899751603603363037e-02
-6.218939274549484253e-02
-6.784414499998092651e-02
-5.306108295917510986e-02
-1.490366645157337189e-02
-8.719446510076522827e-02
-1.580595597624778748e-02
-3.658137051388621330e-03
-3.944037109613418579e-02
1.426733750849962234e-02
-3.606746718287467957e-02
1.187528017908334732e-02
-5.586073547601699829e-02
-6.308224797248840332e-02
-7.085630297660827637e-02
-3.318162262439727783e-02
-4.645340517163276672e-02
-1.718030683696269989e-02
-2.657965384423732758e-02
-1.968414522707462311e-02
-9.295067191123962402e-02
2.531480859033763409e-04
-3.859030827879905701e-02
-2.036391757428646088e-02
-2.016622871160507202e-01
-4.182896018028259277e-02
-5.827713385224342346e-02
2.155450545251369476e-02
-2.382697910070419312e-02
4.586322978138923645e-02
-3.538648039102554321e-02
-4.781411215662956238e-02
-5.034920945763587952e-02
-8.650670945644378662e-02
-2.015996910631656647e-02
-6.597454845905303955e-02
-1.498134154826402664e-02
-3.128904849290847778e-02
1.087389700114727020e-02
-2.406738884747028351e-02
1.221042647957801819e-01
-8.489036699756979942e-04
-3.661383315920829773e-02
-8.229520916938781738e-02
-2.249364741146564484e-02
-9.750616736710071564e-03
-3.943618386983871460e-02
-4.488206282258033752e-02
-4.762800782918930054e-02
-2.032235078513622284e-02
-6.518578529357910156e-02
3.587057441473007202e-02
-1.098823621869087219e-01
-6.428241729736328125e-02
-7.036700844764709473e-02
-2.123627439141273499e-02
2.005647635087370872e-03
-1.322656683623790741e-02
9.895153343677520752e-03
-1.117341127246618271e-02
-2.782309800386428833e-02
3.835624083876609802e-02
-7.381067425012588501e-02
-4.373273812234401703e-03
-3.111142665147781372e-02
-7.075197063386440277e-04
-9.048620611429214478e-02
6.000002846121788025e-02
-8.489037305116653442e-02
-3.129317983984947205e-02
6.607400625944137573e-02
-3.838853165507316589e-02
-1.833779737353324890e-02
1.758701726794242859e-02
-8.464930951595306396e-02
2.239439822733402252e-02
-2.263437397778034210e-02
3.187416121363639832e-02
-4.015211015939712524e-02
-3.241396509110927582e-03
-4.450383409857749939e-02
-3.855010122060775757e-02
-3.564146906137466431e-02
-2.176460064947605133e-02
1.990828104317188263e-02
1.273832842707633972e-02
-3.441005572676658630e-02
-4.146982356905937195e-02
3.089839965105056763e-02
2.793415635824203491e-02
-3.135553793981671333e-03
1.833093725144863129e-02
-1.378600858151912689e-02
-8.281311951577663422e-03
5.850036069750785828e-02
-3.764734044671058655e-02
-4.171630367636680603e-02
-6.322596222162246704e-02
-2.265352196991443634e-02
4.113604873418807983e-02
-4.168418049812316895e-02
-2.777454629540443420e-02
-2.607241086661815643e-02
-3.389760106801986694e-02
-1.804234646260738373e-02
-4.830806702375411987e-02
-2.097976580262184143e-02
2.559059672057628632e-02
-1.368477940559387207e-02
-7.511009927839040756e-03
-1.070132702589035034e-01
-3.198847547173500061e-02
-8.037436008453369141e-02
-3.016441501677036285e-02
2.139935456216335297e-02
-6.675282120704650879e-02
-6.538746412843465805e-03
-4.112202301621437073e-02
1.692768931388854980e-02
1.344846002757549286e-02
-6.167069822549819946e-02
1.770194806158542633e-02
-2.945786714553833008e-02
-3.604863956570625305e-02
-4.208054393529891968e-03
2.229797281324863434e-02
-7.836533337831497192e-02
-5.097460374236106873e-02
2.666781283915042877e-02
-6.348872184753417969e-02
-1.661544293165206909e-02
-1.050256472080945969e-02
-4.856745526194572449e-02
-1.011755689978599548e-02
1.221288926899433136e-03
-1.458106655627489090e-02
-5.705819278955459595e-02
-1.009660214185714722e-01
-5.877308920025825500e-02
-3.809307236224412918e-03
-2.763404324650764465e-02
8.609921671450138092e-03
2.348073059692978859e-03
-1.573763042688369751e-02
-1.400269661098718643e-02
-6.878865510225296021e-02
-3.284158185124397278e-02
-9.587781503796577454e-03
-2.272492088377475739e-02
-4.505389183759689331e-02
-4.118987172842025757e-02
-2.656566910445690155e-02
5.843485146760940552e-02
5.664169415831565857e-02
5.466005951166152954e-02
-4.958740621805191040e-02
-3.632846102118492126e-02
-8.376071229577064514e-03
-4.169086366891860962e-02
6.554192304611206055e-02
-5.767898634076118469e-03
-1.344179958105087280e-01
-8.767021447420120239e-02
-1.415066141635179520e-02
-5.246058851480484009e-02
-6.539924442768096924e-02
-1.192471571266651154e-02
-7.274740934371948242e-02
-3.684070706367492676e-02
-1.075082123279571533e-01
8.210124447941780090e-03
1.777427084743976593e-02
-6.754048168659210205e-02
6.187677755951881409e-02
-3.925942257046699524e-02
-2.390111610293388367e-02
-6.404352933168411255e-02
4.645213484764099121e-03
-1.708342507481575012e-02
2.484835870563983917e-02
-2.608574554324150085e-02
-4.471011832356452942e-02
1.859230175614356995e-02
-5.696727335453033447e-02
1.133613009005784988e-02
-2.896306850016117096e-02
3.083147853612899780e-02
-3.960546851158142090e-02
-1.298281736671924591e-02
-9.971669316291809082e-02
-3.089237771928310394e-02
-1.263954117894172668e-02
-6.448241323232650757e-02
-3.558656573295593262e-02
-4.080814123153686523e-02
-4.130958393216133118e-02
-1.120927464216947556e-02
3.688739240169525146e-02
-6.544053554534912109e-02
-2.787335775792598724e-02
5.878037214279174805e-02
-5.746496096253395081e-02
-2.838151901960372925e-02
5.810683220624923706e-02
-1.136226672679185867e-02
-3.755068778991699219e-02
-2.121945098042488098e-02
-6.755943596363067627e-02
-3.528772667050361633e-02
1.884101773612201214e-03
1.171034667640924454e-02
-6.186770647764205933e-02
-2.564767841249704361e-03
5.281615257263183594e-02
-3.952795639634132385e-02
-3.135612979531288147e-02
5.983052775263786316e-03
-6.741265207529067993e-02
-1.094506606459617615e-01
-4.782171174883842468e-02
-8.463487960398197174e-03
2.941313572227954865e-02
-5.313219968229532242e-03
-7.052671164274215698e-02
-4.461450129747390747e-02
-1.985238865017890930e-02
-1.996220648288726807e-02
8.754602819681167603e-02
-1.738837175071239471e-02
-5.972553044557571411e-04
2.726253122091293335e-02
2.864312753081321716e-02
1.951912418007850647e-03
-8.496329188346862793e-02
-8.506343699991703033e-03
-7.115515321493148804e-02
-2.990115061402320862e-02
-1.224941690452396870e-03
8.500120602548122406e-03
1.086884876713156700e-04
-2.376222796738147736e-02
4.148213192820549011e-03
-1.098746731877326965e-01
-2.073566615581512451e-02
-4.475376103073358536e-03
-8.581733331084251404e-03
-1.908900216221809387e-02
6.936378777027130127e-02
-4.719558730721473694e-02
-5.554629117250442505e-02
-6.502876430749893188e-02
-2.247615903615951538e-02
-5.202144011855125427e-02
